chr1_154909167 chr1_247587279 chr10_102054837 chr10_118314728 chr11_61405741 chr12_113830893 chr12_280389 chr13_53050218 chr14_42356474 chr14_45564595 chr15_80743152 chr16_72139869 chr17_10426501 chr17_17897603 chr17_43318837 chr17_7404963 chr18_34844630 chr18_63525198 chr19_10401936 chr19_38160740 chr19_52888028 chr19_52888774 chr19_52888833 chr19_59073892 chr2_109365484 chr2_179395821 chr2_196718111 chr2_225335303 chr2_51255161 chr20_50235322 chr21_47532319 chr22_44592020 chr3_147131274 chr4_119202636 chr4_119202818 chr4_16504129 chr4_4276301 chr4_68406624 chr4_86922509 chr5_80639646 chr6_56340979 chr7_18684393 chr8_110509331 chr9_116359099 chr9_132816237 chr9_136295179 chrX_32563452 chrX_51638541 chrX_70361800 clusters
1 1 0 1 0 1 1 1 1 1 1 1 0 0 0 0 0 0 0 1 1 1 1 0 1 1 0 0 0 0 1 0 0 1 1 0 0 1 1 0 1 1 1 1 1 0 0 0 0 1
1 0 1 0 1 1 1 0 1 0 1 0 0 0 0 1 1 1 0 1 0 0 0 0 0 1 0 0 1 0 0 0 0 1 0 0 0 1 0 0 1 0 0 1 1 0 0 0 1 2
0 1 0 0 0 1 1 1 0 1 1 1 0 1 1 0 0 0 0 0 0 0 0 0 1 0 0 0 0 0 0 0 0 0 1 0 1 1 0 0 0 1 1 1 0 1 0 0 0 3
1 0 1 0 1 0 0 0 1 0 1 0 1 0 0 1 1 1 0 0 0 0 0 0 0 1 0 0 0 1 1 0 0 1 0 0 0 1 0 0 0 0 1 1 1 1 0 0 1 2
1 0 1 1 1 1 0 0 1 1 1 1 0 1 1 0 0 0 0 0 1 1 1 0 1 1 1 1 1 0 1 0 0 1 1 0 1 1 1 1 1 1 1 1 1 1 1 0 0 1
1 0 0 0 1 1 1 0 1 1 1 0 0 0 1 1 1 1 0 1 0 0 0 0 0 1 1 0 0 0 1 0 0 1 1 0 0 1 0 1 1 1 1 0 0 1 1 1 1 2
1 0 0 0 0 1 1 0 0 0 0 0 0 0 0 0 0 0 1 0 0 0 0 1 0 0 1 0 0 1 0 0 1 0 0 1 0 0 0 0 0 1 0 1 0 0 0 1 0 4
1 0 0 1 0 1 1 1 0 1 1 1 0 1 1 0 0 0 0 1 1 1 1 0 0 1 0 1 1 0 0 1 0 1 1 0 0 1 0 0 1 1 1 1 0 1 0 0 0 1
0 1 0 1 0 1 1 0 1 1 0 1 0 1 1 0 0 0 0 0 1 1 1 0 0 1 1 0 1 1 1 0 0 0 1 0 1 0 1 1 1 0 1 1 0 1 0 0 0 1
1 1 0 1 0 1 1 1 1 0 1 1 0 1 0 0 0 0 0 1 1 1 1 0 0 1 0 1 0 1 1 1 0 1 0 0 1 0 1 1 1 1 1 0 1 0 0 0 0 1
0 0 1 0 0 0 0 0 1 1 1 0 0 0 0 0 0 0 0 1 0 0 0 0 0 1 0 0 1 1 1 0 0 1 1 0 0 1 0 0 0 1 1 1 1 1 0 0 0 5
0 0 0 0 0 0 1 0 1 1 1 0 1 0 0 1 1 1 0 0 0 0 0 0 0 0 0 0 1 1 1 0 0 0 1 0 0 1 0 1 0 0 1 1 0 0 0 0 1 2
1 0 0 0 1 0 1 0 1 1 0 0 1 0 0 1 0 0 0 0 0 0 0 0 0 1 0 0 1 1 1 0 0 0 1 0 0 1 0 0 1 1 1 1 1 0 0 0 1 2
1 0 1 0 1 1 1 0 1 1 1 0 0 0 0 0 1 1 0 1 0 0 0 0 0 1 0 1 1 1 1 0 0 1 1 0 0 1 0 1 0 1 1 1 1 0 0 0 1 2
1 0 0 0 0 1 0 0 0 0 0 0 0 0 0 0 0 0 1 0 0 0 0 1 0 0 1 0 1 0 0 0 0 0 0 0 0 0 0 0 0 1 1 0 0 0 1 1 0 4
1 0 0 0 0 1 1 0 0 0 0 0 0 0 0 0 0 0 1 0 0 0 0 1 0 0 0 0 1 0 0 0 0 0 0 1 0 0 0 0 0 1 0 1 0 0 1 1 0 4
1 0 0 0 1 1 1 0 0 0 1 0 1 0 0 0 1 1 0 1 0 0 0 0 0 1 0 0 1 0 1 0 0 1 1 0 0 1 0 0 1 1 1 1 1 1 0 0 1 2
0 0 1 0 1 1 1 0 0 0 1 0 0 0 0 1 1 1 0 0 0 0 0 0 0 1 0 0 1 0 1 0 0 1 1 0 0 1 0 1 1 0 1 1 0 0 0 0 1 2
1 1 1 1 0 1 1 0 1 0 1 1 0 1 1 0 0 0 0 1 0 0 0 0 1 1 0 1 1 1 0 1 0 0 1 0 0 1 0 1 1 1 1 1 1 0 0 0 0 3
0 0 0 0 1 0 1 0 0 0 0 0 0 0 0 0 0 0 1 0 0 0 0 1 0 1 1 0 1 1 0 0 0 0 0 1 0 0 0 0 0 0 0 1 0 0 0 1 0 4
0 0 1 0 0 1 1 0 0 0 1 0 0 0 0 0 0 0 0 1 0 0 0 0 0 1 0 0 0 1 1 0 0 1 1 0 0 1 0 0 1 1 1 1 0 1 0 0 0 5
1 0 1 0 0 1 0 0 1 1 1 0 0 0 0 0 0 0 0 1 1 0 0 0 0 1 0 0 0 1 1 0 0 0 1 0 0 1 0 0 1 1 0 1 0 1 0 0 0 5
1 0 0 0 0 1 1 0 0 0 0 0 0 0 1 0 0 0 0 0 0 0 0 1 0 1 0 0 1 0 0 0 1 0 0 1 0 0 0 0 0 1 0 1 0 0 1 1 0 4
0 0 0 0 0 1 0 0 0 0 0 0 0 0 0 0 0 0 0 0 0 0 0 0 0 0 1 0 1 0 0 0 0 0 0 1 0 0 0 0 0 1 0 1 0 0 1 0 0 4
1 0 1 0 1 1 1 0 1 1 1 0 1 0 0 1 1 1 0 1 0 0 0 0 0 1 0 1 1 1 1 0 0 1 1 0 0 1 0 0 1 0 1 1 1 1 0 0 1 2
1 0 1 0 1 0 1 0 1 0 0 0 1 0 0 1 1 1 0 0 0 0 0 0 0 1 0 0 1 1 1 0 0 1 1 0 0 1 0 1 1 1 1 0 0 1 0 0 1 2
0 0 1 0 0 1 1 0 1 1 1 0 1 0 0 1 1 0 0 1 0 0 0 0 0 1 0 1 1 1 0 0 0 0 1 0 0 1 0 1 0 1 1 1 0 0 0 0 1 2
1 1 1 1 0 1 1 0 1 1 1 0 0 1 1 0 0 0 0 1 1 0 0 0 1 0 0 0 0 1 1 0 0 0 1 0 1 1 0 1 0 0 1 1 1 0 0 0 0 1
1 0 1 0 0 1 1 0 1 1 1 0 1 0 0 0 1 1 0 0 0 0 0 0 0 0 0 0 0 0 1 0 0 1 1 0 0 1 0 0 1 1 1 1 1 1 0 0 0 5
1 0 1 0 1 1 0 0 1 1 1 0 1 0 1 1 1 1 0 1 0 0 0 0 0 1 0 0 1 0 1 0 0 1 1 0 0 0 0 1 1 1 1 0 1 0 0 0 1 2
1 1 0 1 0 1 0 1 1 1 1 1 0 1 1 0 0 0 0 0 0 0 0 0 1 1 0 1 1 0 1 1 0 1 1 0 1 1 0 1 1 1 1 1 0 1 0 0 0 3
1 0 1 0 0 1 0 0 1 1 1 0 0 0 0 0 0 0 0 1 0 0 0 0 0 1 0 1 1 1 0 0 0 1 0 0 0 0 0 1 0 1 1 1 0 0 0 0 0 5
1 0 0 0 1 1 1 0 1 1 1 0 1 0 0 1 1 1 0 1 0 0 0 0 0 1 0 0 0 0 1 0 0 1 1 0 0 1 0 1 1 1 1 1 1 0 0 0 0 2
1 0 1 0 0 1 1 0 1 0 1 0 0 0 0 0 0 0 0 0 0 0 0 0 0 1 0 1 0 1 0 0 0 1 1 0 0 1 0 1 1 1 1 1 1 1 0 0 0 5
1 0 1 0 0 1 1 0 1 1 1 0 0 0 0 0 0 1 0 1 0 0 0 0 0 1 0 1 1 1 1 0 0 1 1 0 0 1 0 0 1 1 1 1 1 1 1 0 0 5
1 0 0 1 0 0 0 1 1 0 0 1 0 0 1 0 0 0 0 1 1 1 1 0 1 1 0 0 0 1 1 0 0 0 1 0 1 1 0 1 1 1 1 1 1 1 0 0 0 1
1 1 1 1 0 1 1 1 1 0 1 1 0 1 1 0 0 0 0 1 1 1 1 0 1 1 0 1 1 1 1 1 0 1 1 0 1 1 1 1 1 0 1 1 0 0 0 0 0 1
1 0 1 0 0 0 1 0 0 1 1 0 0 0 0 0 0 0 0 1 0 0 0 0 1 1 0 0 1 1 1 0 0 1 1 0 1 0 0 1 1 0 1 1 1 1 0 0 0 5
1 0 0 1 0 0 0 1 0 1 0 1 0 1 0 0 0 0 0 0 0 0 0 0 1 1 0 1 1 1 0 0 0 1 1 0 0 0 0 1 1 1 1 0 0 1 0 0 0 3
0 0 1 0 1 1 1 0 1 1 1 0 1 0 0 1 1 1 0 0 0 0 0 0 0 1 0 1 0 1 1 0 0 1 1 0 0 1 0 1 1 1 1 1 1 1 0 0 1 2
0 0 1 0 0 1 1 0 1 0 1 0 0 0 0 0 0 0 0 0 0 0 0 0 0 1 0 0 0 1 1 0 0 0 1 0 0 1 0 0 1 0 1 1 0 0 0 0 0 5
1 1 1 0 0 0 1 0 0 1 1 1 0 1 1 0 0 0 0 1 1 1 1 0 1 0 0 1 1 0 0 1 0 1 0 0 0 1 1 1 1 1 1 1 0 0 0 0 0 1
1 1 1 1 0 1 1 1 1 1 0 1 0 1 1 0 0 0 0 1 0 0 0 0 0 1 0 0 1 1 0 1 0 1 1 0 0 1 1 1 1 1 1 0 0 0 0 0 0 3
1 0 1 0 1 1 1 0 1 1 1 0 0 0 0 1 0 0 0 0 0 0 0 0 0 1 0 1 0 1 1 0 0 1 1 0 0 1 0 0 1 1 1 0 1 1 0 0 1 2
1 0 0 0 0 0 1 0 0 0 0 0 0 0 0 0 0 0 0 1 0 0 0 1 0 1 1 0 0 1 0 0 1 0 0 1 0 0 0 0 0 1 0 1 0 0 0 1 0 4
1 0 0 0 0 0 1 0 0 0 0 0 0 0 0 0 0 0 1 0 0 0 0 1 0 1 0 0 0 1 0 0 0 0 0 1 0 0 0 0 0 1 0 0 0 0 0 1 0 4
1 0 1 0 0 1 0 0 1 1 1 0 0 0 0 0 1 1 0 0 0 0 0 0 0 1 0 1 1 1 1 0 0 1 1 0 0 1 0 0 1 1 1 1 1 1 0 0 0 5
1 0 0 0 1 1 0 0 1 0 1 0 1 0 0 1 1 1 0 1 0 0 0 0 0 1 0 0 0 1 1 0 0 0 1 0 0 1 0 1 0 1 1 1 1 1 0 0 0 2
1 0 0 1 0 1 1 1 1 1 1 1 0 0 1 0 0 0 0 1 1 1 1 0 1 1 0 1 1 1 1 0 0 1 1 0 1 1 0 1 1 1 0 1 1 0 0 0 0 1
1 0 1 1 1 1 1 0 1 0 1 1 0 1 1 0 0 0 0 1 1 1 1 0 1 1 0 0 1 1 1 0 0 1 1 0 1 1 1 1 1 1 1 1 1 1 0 0 0 1
1 0 0 0 0 1 1 0 1 0 1 0 0 0 0 0 0 0 0 0 0 0 0 0 0 1 0 1 0 0 1 0 0 1 1 0 0 1 0 0 1 1 1 1 1 1 0 0 0 5
1 0 1 0 0 1 1 0 0 0 1 0 0 0 0 0 0 0 0 0 0 0 0 0 0 1 0 1 1 1 1 0 0 1 1 0 1 1 0 1 1 1 0 1 0 0 0 0 0 5
1 0 0 0 1 1 0 0 1 1 0 0 1 0 0 1 1 1 0 0 0 0 0 0 0 1 0 0 0 1 1 0 0 1 0 0 0 1 0 0 1 1 1 1 0 1 0 0 1 2
1 0 0 0 0 0 0 0 1 1 1 0 0 1 1 0 0 0 0 1 1 1 1 0 1 1 0 0 0 1 1 0 0 1 1 0 1 1 0 1 0 1 1 0 1 1 0 0 0 1
0 0 0 0 0 1 1 0 0 0 0 0 0 0 0 0 0 0 1 0 0 0 0 1 0 0 1 0 1 1 0 0 1 0 0 0 0 0 0 0 0 1 0 1 0 0 1 0 0 4
1 0 1 0 1 0 0 0 1 0 1 0 0 0 0 0 1 1 0 0 0 0 0 0 0 1 0 0 1 0 1 0 0 1 1 0 0 1 0 0 0 0 1 1 0 0 0 0 1 2
1 0 1 0 0 0 1 1 0 1 1 0 0 1 1 0 0 0 0 1 1 1 1 0 0 1 0 1 1 1 0 1 0 1 1 0 1 1 1 1 1 1 1 1 1 1 0 0 0 1
1 0 0 0 0 0 1 0 0 0 0 0 0 0 0 0 0 0 0 0 0 0 0 0 0 1 1 0 1 1 0 0 1 0 0 0 0 0 0 0 0 1 0 1 0 0 1 1 0 4
1 1 1 1 0 0 1 1 1 1 1 1 0 1 0 0 0 0 0 0 1 1 1 0 0 1 0 0 0 1 1 0 0 0 0 0 1 1 1 1 1 1 1 0 1 1 0 0 0 1
1 0 1 1 0 1 1 1 1 1 1 1 0 0 1 0 0 0 0 1 1 1 1 0 1 1 0 1 1 1 0 1 0 1 1 0 1 1 0 0 1 1 1 1 1 1 0 0 0 1
1 0 0 0 0 1 0 1 1 1 1 0 0 0 0 0 0 0 0 1 0 0 0 0 1 1 0 1 1 0 1 0 0 1 1 0 1 1 0 0 0 1 1 0 1 1 0 0 0 5
1 0 1 0 0 0 1 0 0 1 1 0 0 0 0 0 0 0 0 1 0 0 0 0 0 1 0 0 1 1 1 0 0 1 0 0 0 0 0 1 0 1 1 1 1 1 0 0 0 5
1 0 1 0 1 1 0 0 0 1 1 0 1 0 0 1 0 1 0 0 0 0 0 0 0 1 0 0 1 1 1 0 0 1 1 0 0 1 0 1 1 1 1 1 1 1 0 0 1 2
1 0 1 0 0 1 1 0 1 1 1 0 1 0 0 1 0 1 0 1 0 0 0 0 0 1 0 0 1 0 1 0 0 1 1 0 0 1 0 1 1 1 1 0 1 0 0 0 0 2
1 0 1 0 1 1 0 0 1 1 1 0 1 0 0 0 1 1 0 1 0 0 0 0 0 1 0 0 0 1 0 0 0 1 0 0 0 0 0 1 1 1 1 1 1 1 0 0 1 2
1 0 1 0 1 0 1 0 1 0 1 0 1 0 0 0 1 1 0 1 0 0 0 0 0 1 0 0 1 1 1 0 0 1 1 0 0 1 0 1 1 0 1 1 0 1 0 0 1 2
1 0 0 0 0 1 0 0 1 1 0 0 0 0 0 0 0 0 0 0 0 0 0 0 0 1 0 1 1 1 1 0 0 1 1 0 0 1 0 1 1 0 0 1 0 1 0 0 0 5
0 0 1 0 1 1 0 0 1 1 1 0 1 0 0 0 1 1 0 0 0 0 0 0 0 1 0 1 0 1 1 0 0 0 0 0 0 1 0 1 1 1 1 0 1 1 0 0 1 2
1 1 1 1 0 1 0 0 0 0 1 1 0 0 1 0 0 0 0 1 1 1 1 0 1 1 0 1 0 1 1 1 0 1 0 0 1 1 1 0 1 1 1 1 0 1 0 0 0 1
1 0 1 0 1 1 0 0 1 0 1 0 1 0 1 1 1 1 0 0 0 0 0 0 0 1 0 0 1 1 1 0 0 1 1 0 0 1 0 0 0 1 1 1 0 1 0 0 1 2
1 1 1 1 1 0 1 1 1 1 1 1 0 1 1 0 0 0 0 0 1 1 1 0 0 1 0 0 0 1 1 1 0 1 1 0 1 1 1 1 1 1 1 1 1 0 0 0 0 1
1 0 0 0 0 1 1 0 0 0 0 0 0 0 0 0 0 0 1 0 0 0 0 1 0 0 1 0 0 1 0 0 1 0 0 0 0 0 0 0 0 1 0 1 0 0 1 1 0 4
1 0 1 0 0 1 0 1 1 0 1 0 0 0 0 0 0 0 0 1 0 0 0 0 1 1 0 1 1 1 1 0 0 0 1 0 1 1 0 1 1 1 1 1 1 0 0 0 0 5
1 0 0 0 0 1 0 0 0 0 0 0 0 0 0 0 0 0 1 0 0 0 0 1 0 0 1 0 0 1 0 0 1 0 0 1 0 0 0 0 0 0 0 1 0 0 1 1 0 4
1 0 0 0 0 0 1 0 0 0 0 0 0 0 0 0 0 0 1 0 0 0 0 1 0 1 0 0 0 1 0 0 1 0 0 1 0 0 0 0 0 1 0 1 0 0 1 0 0 4
1 0 1 0 1 1 1 0 1 1 1 0 1 0 0 1 1 1 0 0 0 0 0 0 0 0 0 0 0 0 1 0 0 1 0 0 0 1 0 1 1 0 0 1 1 0 0 0 1 2
1 0 1 0 0 1 1 0 1 1 1 1 0 1 0 1 1 1 0 1 1 1 1 0 1 1 0 1 0 1 0 0 1 1 1 0 0 1 0 1 1 0 1 0 0 1 0 0 1 1
1 0 1 0 1 1 1 0 1 1 1 0 1 0 0 1 0 0 0 1 0 0 0 0 0 0 0 1 1 1 1 0 0 1 1 0 0 1 0 1 1 1 1 0 0 0 0 0 1 2
1 0 1 0 0 1 1 0 1 1 0 1 0 1 1 0 0 0 0 1 1 1 1 0 1 1 0 0 1 1 1 0 0 1 1 0 1 0 1 0 1 1 1 1 0 0 0 0 0 1
1 0 0 0 0 0 0 0 1 0 0 1 0 0 0 0 0 0 0 0 0 0 0 0 0 0 0 0 0 0 0 0 0 0 1 0 1 0 0 0 0 0 1 1 0 0 0 0 0 3
1 1 1 1 0 1 0 0 1 0 1 0 0 1 0 0 0 0 0 1 0 0 0 0 1 1 0 1 0 0 1 0 0 1 0 0 0 0 1 0 1 1 0 1 1 0 0 0 0 5
1 0 0 0 0 1 0 0 0 0 0 0 0 0 0 0 0 0 1 0 0 0 0 1 0 1 0 0 1 1 0 0 0 0 0 1 0 0 0 0 0 1 0 1 0 0 1 1 0 4
1 0 1 1 0 1 0 0 0 1 1 0 0 1 1 0 0 0 0 0 1 1 1 0 1 0 0 1 1 1 0 1 0 1 1 0 1 1 1 1 1 1 0 1 1 1 0 0 0 1
1 0 0 0 1 1 0 0 1 1 1 0 1 0 1 1 0 1 0 1 0 0 0 0 0 0 0 1 0 1 1 0 0 0 0 0 0 1 0 1 1 1 1 1 0 1 0 0 1 2
1 0 1 0 1 1 1 0 1 1 1 0 0 0 0 1 1 1 0 0 0 0 0 0 0 1 0 0 0 1 1 0 0 0 1 0 0 1 0 1 0 1 1 1 1 0 0 0 1 2
1 0 0 0 0 1 0 0 0 0 0 0 0 0 0 0 0 0 1 0 0 0 0 1 0 1 1 0 1 1 0 0 1 0 0 0 0 0 0 0 0 1 1 0 0 0 0 1 0 4
1 1 1 1 0 1 0 1 0 1 1 1 0 1 1 0 0 0 0 1 1 1 1 0 0 1 0 1 0 0 1 0 0 0 1 0 1 0 1 0 1 1 0 1 0 0 0 0 0 1
1 0 0 0 0 1 0 0 0 0 0 0 0 0 0 0 0 0 1 0 0 0 0 0 0 1 1 0 1 0 0 0 1 0 0 0 0 0 0 0 0 1 0 1 0 0 1 1 0 4
1 0 1 0 1 1 1 0 1 1 1 0 0 0 0 1 1 1 0 0 0 0 0 0 0 1 0 1 1 1 0 0 0 1 0 0 0 1 0 1 1 1 1 0 0 0 0 0 1 2
1 0 0 0 1 1 1 0 0 1 1 0 1 0 0 1 1 1 0 1 0 0 0 0 0 1 0 1 0 0 1 0 0 1 1 0 0 1 0 0 1 0 0 0 0 0 0 0 1 2
1 0 1 0 1 1 0 0 1 0 1 0 1 0 0 1 1 0 0 1 0 0 0 0 0 1 0 1 1 1 1 0 0 1 0 0 0 1 0 0 0 1 1 1 1 1 0 0 1 2
0 1 1 1 0 1 0 1 0 1 1 1 0 1 0 0 0 0 0 1 1 1 1 0 1 1 0 1 1 1 0 1 0 1 1 0 1 1 0 1 1 1 0 1 1 1 0 0 0 1
1 0 1 0 1 1 1 0 1 1 1 0 1 0 0 0 0 1 0 0 0 0 0 0 0 1 0 0 1 1 1 0 0 1 0 0 0 1 0 1 1 1 1 1 1 1 0 0 1 2
1 1 0 1 0 1 1 1 1 0 1 1 0 1 1 0 0 0 0 0 0 0 0 0 1 1 0 0 1 1 1 0 0 1 1 0 1 1 1 0 1 0 0 0 1 1 0 0 0 3
1 0 0 0 0 1 1 0 0 0 0 0 0 0 0 0 0 0 1 0 0 0 0 1 0 1 1 0 1 0 0 0 1 0 0 1 0 0 0 0 0 1 0 1 0 0 1 1 0 4
1 0 0 0 0 1 1 0 0 0 0 0 0 0 0 0 0 0 1 0 0 0 0 1 0 0 1 0 1 0 0 0 1 0 0 0 0 0 0 0 0 1 0 1 0 0 1 0 0 4
0 0 0 1 0 0 0 1 1 1 1 1 0 1 0 0 0 0 0 1 0 0 0 0 0 1 0 0 1 0 1 1 0 1 1 0 1 0 1 0 0 1 1 1 1 1 1 1 0 3
0 0 1 1 0 1 1 0 1 1 1 1 0 1 1 0 0 0 0 1 1 1 1 0 0 1 0 1 0 0 0 1 0 1 1 0 1 0 1 0 1 1 1 1 0 1 0 0 0 1
1 0 0 0 0 1 1 0 0 0 0 0 0 0 0 0 0 0 0 0 0 0 0 1 0 1 1 0 1 1 0 0 0 0 0 1 0 0 0 0 0 1 0 1 0 0 1 1 0 4
0 0 1 0 1 0 1 0 1 0 1 0 1 0 0 1 1 1 0 1 0 0 0 0 0 1 0 1 1 1 1 0 0 0 0 0 0 0 0 1 1 1 1 1 1 0 0 0 0 2
1 1 1 1 0 1 1 1 1 1 1 0 0 1 0 0 0 0 0 0 1 1 1 0 1 1 0 1 1 1 0 0 0 1 1 0 0 1 1 1 0 1 1 1 1 1 0 0 0 1
1 0 1 0 0 1 0 0 1 1 1 0 0 0 0 0 0 0 0 1 0 0 0 0 0 1 0 0 1 0 1 0 0 1 1 0 0 1 0 1 0 1 1 1 1 1 0 0 0 5
1 0 1 0 0 1 1 0 0 1 1 0 0 0 0 0 0 0 0 0 0 0 0 0 0 1 1 1 1 0 0 0 0 0 1 0 0 1 0 1 0 0 0 0 1 0 0 0 0 5
1 0 0 0 0 1 1 0 0 0 0 0 0 0 0 0 0 0 1 0 0 0 0 1 0 1 1 0 1 0 0 0 0 0 0 1 0 0 0 0 0 1 0 1 0 0 1 1 0 4
1 0 1 1 0 1 1 1 0 1 1 1 0 1 1 0 0 0 0 0 1 1 1 0 1 1 0 0 1 0 1 0 0 1 1 0 1 1 1 1 1 1 1 1 0 0 0 0 0 1
1 0 0 0 0 0 0 0 0 0 0 0 0 0 0 0 0 0 0 0 0 0 0 1 0 1 0 0 1 0 0 0 0 0 0 1 0 0 0 0 0 0 0 0 0 0 1 1 0 4
1 0 0 0 0 1 0 0 0 0 0 0 0 0 0 0 0 0 0 0 0 0 0 1 0 1 1 0 0 1 0 0 0 0 0 1 0 0 0 0 0 1 1 0 0 0 0 1 0 4
1 0 1 0 0 1 1 0 1 1 0 0 1 0 0 1 1 0 0 1 0 0 0 0 0 1 0 1 0 1 1 0 0 1 1 0 0 1 0 0 1 0 1 1 0 1 0 0 1 2
0 0 1 1 0 1 1 1 1 1 0 1 0 1 1 0 0 0 0 1 1 1 1 0 1 0 0 1 0 0 1 0 0 0 1 0 1 1 0 1 1 1 1 0 1 1 0 0 0 1
1 0 1 1 1 1 1 0 1 1 1 0 1 0 0 1 1 0 0 0 0 0 0 0 0 1 0 1 0 1 1 0 0 1 0 0 0 1 0 1 0 1 0 1 0 1 0 0 1 2
1 0 0 0 0 0 1 0 0 0 0 0 0 0 0 0 0 0 0 0 0 0 0 0 0 1 1 0 1 1 0 0 1 0 0 0 0 0 0 0 0 1 0 1 0 0 1 0 0 4
1 0 0 0 0 1 1 0 0 0 0 0 0 0 0 0 0 0 0 0 0 0 0 1 0 1 1 0 1 0 0 0 1 0 0 1 0 0 0 0 0 0 0 0 0 0 1 1 0 4
1 0 1 0 1 1 0 0 0 0 1 0 0 0 0 0 0 1 0 1 0 0 0 0 0 1 0 1 1 1 1 0 0 0 1 0 0 1 0 1 1 1 1 1 1 1 0 0 0 5
1 0 0 0 0 0 1 0 1 0 1 0 0 0 1 0 0 0 0 0 0 0 0 0 0 1 0 0 1 1 1 0 1 1 1 0 0 0 0 1 1 1 1 1 1 1 0 0 0 5
1 0 1 0 0 0 1 0 1 1 0 0 0 0 0 0 0 0 0 0 0 0 0 0 0 1 0 0 1 0 0 0 0 1 0 0 0 1 0 0 0 1 1 1 1 0 0 0 0 5
1 0 0 0 1 0 1 0 1 1 1 0 1 0 0 1 0 1 0 1 0 0 0 0 0 1 0 1 0 1 0 0 0 1 1 0 0 0 0 0 1 0 1 1 1 1 0 0 0 2
1 0 0 0 0 1 1 0 0 0 0 0 0 0 0 0 0 0 1 0 0 0 0 1 0 1 1 0 1 1 0 0 0 0 0 0 0 0 0 0 0 1 0 1 0 0 1 1 0 4
1 0 1 0 0 0 1 0 1 0 1 0 1 0 0 1 1 1 0 1 0 0 0 0 0 1 0 1 0 0 0 0 0 0 0 0 0 0 0 0 1 1 1 1 0 1 0 0 0 2
1 0 0 0 1 1 0 0 1 0 1 0 1 0 0 1 1 1 0 1 0 0 0 0 0 1 0 0 1 1 1 0 0 0 0 0 0 1 0 0 0 0 1 1 1 0 0 0 1 2
1 0 1 0 0 0 1 0 1 1 1 0 0 0 0 0 1 1 0 0 0 0 0 0 0 1 0 1 0 1 1 0 0 1 1 0 0 0 0 0 1 0 1 1 0 0 0 0 0 5
1 0 0 0 0 0 1 0 0 0 0 0 0 0 1 0 0 0 1 0 0 0 0 1 0 1 1 0 0 1 0 0 0 0 0 0 0 0 0 0 0 1 0 1 0 0 1 1 0 4
1 0 1 0 0 1 1 0 1 0 1 1 0 0 1 0 0 0 0 0 1 1 1 0 0 1 0 0 1 1 1 0 0 1 1 0 1 1 0 1 0 1 1 1 0 0 0 0 0 5
1 0 0 0 0 1 0 0 0 0 0 0 0 0 0 0 0 0 1 0 0 0 0 1 0 1 0 0 1 1 0 0 0 0 0 1 0 0 0 0 0 1 0 1 0 0 1 1 1 4
1 0 1 0 1 1 1 0 1 0 1 0 1 0 0 0 1 0 0 1 0 0 0 0 0 1 0 0 0 1 1 0 0 0 1 0 0 0 0 1 1 0 1 1 0 0 0 0 1 2
1 1 1 0 0 1 0 1 1 1 1 0 0 1 1 0 0 0 0 1 1 1 1 0 1 1 0 1 1 1 0 0 0 1 1 0 1 0 1 1 1 0 1 0 1 1 0 0 0 1
1 1 1 1 0 1 1 0 0 1 1 0 0 1 1 0 0 0 0 0 1 1 1 0 1 1 0 1 1 1 1 1 0 0 1 0 1 1 1 1 1 0 0 1 0 1 0 0 0 1
1 0 0 0 0 1 1 0 0 0 0 0 0 0 0 0 0 0 1 0 0 0 0 0 0 1 1 0 0 0 0 0 0 0 0 1 0 0 0 0 0 1 0 0 0 0 1 1 0 4
1 0 1 0 1 1 1 0 1 0 1 0 0 0 0 1 0 0 0 1 1 1 1 0 0 1 0 1 1 1 1 1 0 1 0 0 0 1 0 1 0 1 0 1 1 0 0 0 1 5
1 0 0 0 0 0 0 0 0 0 0 0 0 0 0 0 0 0 1 0 0 0 0 1 0 1 1 0 1 1 0 0 1 0 0 0 0 0 0 0 0 1 0 1 0 0 1 1 0 4
1 0 0 0 1 0 1 0 1 1 1 0 1 0 0 0 1 1 0 1 0 0 0 0 0 0 0 0 1 1 1 0 0 1 1 0 0 1 0 1 1 0 1 0 0 1 0 0 1 2
0 1 1 1 0 0 1 0 0 1 0 1 0 1 0 0 0 0 0 0 1 1 1 0 1 1 0 0 1 1 0 1 0 0 1 0 1 1 1 0 1 1 1 1 0 1 0 0 0 1
1 0 1 1 0 1 1 1 0 0 1 1 0 1 0 0 0 0 0 1 0 0 0 0 1 0 0 0 1 1 1 0 0 0 1 0 1 1 1 1 1 1 1 0 0 1 0 0 0 3
1 0 1 0 0 1 1 1 1 0 1 0 0 0 0 0 0 0 0 0 0 0 0 0 1 1 0 1 1 1 1 0 0 1 1 0 0 0 0 1 1 1 1 1 1 1 0 0 0 5
1 0 0 0 0 0 1 0 0 0 0 0 0 0 0 0 0 0 0 0 0 0 0 1 0 1 1 0 0 1 0 0 0 0 0 1 0 0 0 0 0 0 0 1 0 0 1 0 0 4
1 0 1 0 1 1 1 0 1 0 0 0 1 0 0 1 0 1 0 0 0 0 0 0 0 0 0 0 1 1 1 0 0 1 0 0 0 0 0 1 0 0 1 0 0 1 0 0 0 2
1 0 0 0 0 0 1 0 0 0 0 0 0 0 0 0 0 0 1 0 0 0 0 1 0 0 1 0 1 0 0 0 1 0 0 1 0 0 0 0 0 0 0 1 0 0 1 0 0 4
1 0 0 0 0 1 1 0 0 0 0 0 0 0 0 0 0 0 0 0 0 0 0 1 0 1 1 0 0 1 0 0 1 0 0 1 0 0 0 0 0 0 0 1 0 0 1 1 0 4
1 0 0 0 0 0 0 0 0 0 0 0 0 0 0 0 0 0 1 0 0 0 0 1 0 1 0 0 1 0 0 0 1 0 0 0 0 0 0 0 0 1 0 1 0 0 1 0 0 4
1 0 1 0 0 1 1 0 1 0 1 0 1 0 0 1 1 0 0 0 0 0 0 0 0 0 0 1 0 1 0 0 0 1 1 0 0 1 0 1 1 0 1 1 1 1 0 0 1 5
1 0 1 1 0 1 1 1 0 1 1 1 0 1 0 0 0 0 0 1 1 1 1 0 1 1 0 1 0 0 0 1 0 1 1 0 1 1 0 1 0 1 1 0 1 0 0 0 0 1
1 0 1 0 0 0 1 0 1 1 1 0 1 0 0 1 1 1 0 0 0 0 0 0 0 1 0 0 0 1 1 0 0 0 1 0 0 1 0 0 1 0 1 1 0 0 0 0 1 2
0 0 1 0 0 1 1 1 0 1 1 1 0 1 1 0 0 0 0 1 1 1 1 0 1 1 0 1 0 1 0 1 0 1 0 0 1 1 1 0 0 1 1 0 1 0 0 0 0 1
1 1 1 0 0 1 0 0 1 1 0 1 0 0 0 0 0 0 0 1 1 0 0 0 1 1 0 1 1 0 1 0 0 0 1 0 1 1 0 0 1 1 1 1 1 0 0 0 0 5
1 0 0 0 1 1 0 0 0 0 1 0 1 0 0 1 1 1 0 1 0 0 0 0 0 1 0 0 1 1 1 0 0 1 1 0 0 1 0 0 1 0 1 1 1 1 0 0 1 2
0 0 0 0 0 0 1 0 1 1 1 0 0 0 0 0 0 0 0 1 0 0 0 0 0 1 0 1 0 1 1 0 0 0 1 0 0 1 0 1 1 1 1 1 0 0 0 0 0 5
1 0 0 0 1 1 1 0 1 0 0 0 1 0 0 1 1 1 0 1 0 0 0 0 0 1 0 1 1 1 1 0 0 1 1 0 0 1 0 1 0 0 0 0 0 0 0 0 1 2
1 0 1 0 0 0 1 0 1 1 0 0 0 0 0 0 0 0 0 1 0 0 0 0 0 1 0 1 0 1 1 0 0 1 1 0 0 1 0 0 0 1 0 1 0 0 0 0 0 5
1 0 1 0 1 1 1 0 1 1 1 0 1 0 0 1 0 1 0 1 0 0 0 0 0 1 0 1 1 1 1 0 0 1 1 0 0 1 0 0 1 1 0 1 0 1 0 0 1 2
1 0 0 0 0 1 0 0 0 0 0 0 0 0 0 0 0 0 0 0 0 0 0 0 0 1 0 0 0 1 0 0 1 0 0 0 0 0 0 0 0 1 0 0 0 0 1 1 0 4
1 0 1 0 1 0 1 0 1 1 1 0 0 0 0 1 1 1 0 0 0 0 0 0 0 1 0 1 0 0 1 0 0 0 1 0 0 1 0 0 1 1 1 1 1 1 0 0 1 2
