chr1_16111478 chr1_75038386 chr11_6655412 chr17_56164528 chr19_45322937 chr22_24582021 chr3_100526981 chr8_144920910 chr8_144998984 chrX_20060690 clusters
1 0 1 1 1 0 1 1 0 1 1
1 1 0 1 1 0 1 1 0 1 1
1 0 1 0 1 1 1 0 0 1 1
1 1 1 1 1 1 1 1 0 1 1
1 1 1 1 1 1 1 0 0 0 1
1 0 1 1 1 1 1 0 0 1 1
1 1 0 1 1 1 1 1 0 1 1
1 1 1 1 1 1 0 1 0 1 1
1 1 1 0 1 0 0 1 0 0 1
1 1 0 1 1 1 1 1 0 1 1
1 1 1 1 1 0 1 1 0 1 1
1 1 1 1 1 1 1 1 0 1 1
1 1 1 1 1 1 1 1 0 1 1
1 1 1 1 1 1 1 1 0 1 1
1 1 1 0 1 0 1 1 0 1 1
1 1 1 0 1 1 1 1 0 0 1
0 1 1 1 1 1 1 1 0 1 1
0 1 0 1 0 1 1 1 0 0 1
1 1 1 0 1 1 1 1 0 1 1
1 1 1 0 1 1 1 1 1 1 1
1 0 1 1 0 0 1 0 0 1 1
1 1 1 1 1 1 0 1 0 0 1
1 1 0 1 1 1 1 1 0 1 1
0 0 0 0 0 1 0 0 0 0 2
0 1 1 1 1 0 1 1 1 1 1
0 0 0 0 0 1 0 0 0 0 2
0 0 1 1 1 1 1 1 0 1 1
1 1 1 1 1 1 0 1 0 1 1
1 1 1 1 1 1 1 1 1 1 1
0 1 1 0 1 1 1 1 0 1 1
1 1 1 1 1 1 1 1 1 1 1
1 1 1 0 1 0 1 0 0 1 1
0 0 0 1 0 0 0 0 0 0 2
1 1 1 0 1 1 1 1 1 1 1
1 0 1 1 1 1 1 1 0 0 1
1 1 1 1 1 1 1 1 0 1 1
1 1 1 1 1 1 0 1 0 1 1
1 1 1 1 1 1 1 0 1 1 1
1 1 1 1 1 0 0 1 0 1 1
0 0 0 1 0 0 0 0 0 0 2
1 1 0 1 1 1 1 1 1 1 1
1 1 1 1 1 0 1 1 0 1 1
1 1 1 1 1 1 1 1 0 1 1
0 1 0 1 1 1 1 1 1 1 1
1 1 1 1 1 1 1 1 0 1 1
1 1 1 1 0 1 1 1 1 1 1
0 0 0 1 0 1 0 0 0 0 2
1 1 1 1 1 1 1 1 1 1 1
0 1 1 1 1 1 1 1 0 1 1
1 1 1 0 1 1 1 1 0 1 1
1 1 1 1 1 1 1 1 1 1 1
1 1 1 1 1 0 1 1 0 1 1
1 1 1 1 1 1 1 1 0 1 1
1 1 1 1 0 0 1 0 1 1 1
1 1 1 1 0 1 1 0 1 1 1
1 0 1 1 1 1 1 0 0 1 1
1 0 1 1 1 1 0 0 0 1 1
1 1 1 1 1 0 1 1 0 1 1
1 1 1 1 1 1 1 0 0 1 1
1 1 1 1 1 0 0 0 0 1 1
1 1 1 1 1 1 1 1 0 1 1
1 1 1 1 1 0 0 1 0 1 1
1 1 1 1 1 1 1 1 0 1 1
1 1 1 1 1 0 1 0 0 1 1
1 1 1 1 1 1 0 1 0 1 1
1 1 1 1 1 1 1 1 1 1 1
0 1 1 0 1 0 1 1 0 1 1
1 1 1 1 1 1 1 0 1 1 1
1 1 1 1 1 1 1 1 0 1 1
1 1 1 1 1 1 1 1 0 1 1
1 0 1 1 1 1 0 1 1 1 1
0 1 1 1 1 1 0 1 0 0 1
1 1 1 1 1 1 1 1 0 1 1
0 1 1 1 1 1 1 1 1 1 1
1 1 1 1 1 0 0 1 0 1 1
1 1 1 1 1 0 1 1 1 1 1
1 1 1 1 1 0 1 1 0 1 1
0 1 1 1 0 1 1 1 0 1 1
1 1 1 1 1 1 0 1 1 1 1
1 1 1 1 1 1 1 1 0 1 1
1 0 1 1 1 1 0 1 0 1 1
1 1 1 1 1 0 0 1 0 1 1
0 0 0 0 1 1 1 1 0 0 1
1 0 1 0 0 1 1 1 0 0 1
0 1 1 0 1 1 0 1 0 0 1
1 0 1 0 1 1 1 0 0 1 1
1 1 1 1 1 1 1 1 1 0 1
1 1 0 1 1 0 1 1 1 1 1
1 0 1 0 1 0 1 1 0 0 1
1 0 1 1 1 1 0 1 0 0 1
0 1 1 0 1 1 1 1 0 1 1
0 1 0 1 1 0 1 1 0 1 1
1 1 1 1 1 1 1 1 0 1 1
1 1 0 1 1 1 1 1 0 1 1
1 1 1 1 1 1 1 0 0 1 1
0 1 1 0 0 1 0 1 0 1 1
1 1 1 1 1 1 1 0 0 0 1
1 1 1 1 1 1 1 1 1 1 1
1 1 0 1 1 1 1 1 1 1 1
1 1 1 1 0 1 1 0 0 1 1
0 1 1 0 1 1 1 1 0 1 1
0 0 0 0 0 1 0 0 0 0 2
1 1 1 1 0 1 1 1 1 1 1
0 0 0 0 0 1 1 1 0 1 1
1 1 1 1 1 1 0 1 0 1 1
1 0 1 1 1 1 1 1 0 1 1
1 1 1 0 0 1 1 1 0 1 1
1 1 1 1 1 1 1 1 1 1 1
0 1 1 1 1 1 1 1 0 1 1
1 1 1 1 1 1 1 1 1 1 1
0 1 0 1 1 1 1 1 1 1 1
1 0 1 1 1 1 1 1 0 1 1
1 0 1 1 0 1 1 1 0 1 1
1 1 1 1 1 1 0 1 0 1 1
0 1 1 1 1 1 1 0 0 1 1
1 1 1 1 1 1 1 1 0 1 1
0 1 1 1 1 1 0 1 0 1 1
1 1 1 1 1 1 1 1 1 1 1
0 1 1 1 1 0 0 0 0 0 1
1 1 1 1 1 1 1 1 1 1 1
0 1 0 1 1 1 1 0 0 1 1
1 1 1 1 1 0 1 1 0 1 1
1 1 1 1 1 0 1 1 1 1 1
0 1 0 1 1 1 1 1 0 1 1
1 1 1 1 1 0 1 1 0 1 1
1 1 1 0 1 1 1 1 1 1 1
1 1 1 1 1 1 1 1 1 1 1
0 1 1 1 0 1 1 1 0 0 1
1 1 0 1 1 1 0 1 1 1 1
1 1 1 0 0 1 1 1 0 0 1
1 1 0 1 1 1 1 0 0 1 1
1 1 1 1 1 0 1 1 1 1 1
0 1 1 1 1 1 1 1 0 0 1
1 0 1 1 0 1 0 1 0 1 1
1 1 1 1 1 1 1 1 0 1 1
1 1 1 1 1 1 1 1 1 1 1
1 0 0 1 1 1 1 0 0 1 1
1 0 1 1 1 1 1 1 0 1 1
1 1 1 0 1 1 0 1 0 1 1
1 1 0 1 1 1 1 0 0 1 1
1 1 0 0 1 0 0 0 0 1 1
1 1 1 1 1 0 1 1 0 1 1
1 0 1 1 1 0 1 1 0 1 1
1 0 0 1 1 1 1 1 0 0 1
0 1 1 1 0 0 1 1 1 1 1
1 1 1 1 1 0 0 0 1 1 1
