chr1_151512803 chr1_151735456 chr1_24390601 chr1_38226084 chr12_81013241 chr14_70418996 chr15_33952506 chr15_73021943 chr16_320709 chr17_1657484 chr19_38103617 chr19_40895668 chr2_170493981 chr2_179615995 chr3_51263127 chr6_133850054 chr6_27101163 chr8_120255800 chr8_95877709 chr9_138702709 clusters
0 1 1 1 1 1 1 0 1 1 1 1 0 1 1 1 1 1 0 1 1
1 0 0 1 0 1 1 1 1 0 0 0 0 0 0 0 1 1 0 1 2
1 0 0 1 0 1 1 1 1 0 0 0 0 0 1 0 0 0 0 1 2
0 0 1 0 0 0 1 0 0 0 1 1 0 0 0 0 0 0 1 0 3
0 1 1 0 1 0 1 0 0 1 1 1 1 1 0 0 0 1 1 0 4
0 0 0 1 1 1 1 1 0 0 1 0 1 1 1 1 0 1 1 0 1
0 1 1 0 1 0 1 0 0 1 1 0 1 1 0 0 0 1 1 0 4
1 0 0 1 1 1 1 1 1 0 0 0 0 1 1 0 1 1 1 1 1
0 1 1 0 1 0 1 0 0 1 1 1 1 1 0 0 0 1 1 0 4
1 0 1 1 0 1 1 1 1 0 0 1 1 1 1 1 1 1 1 1 1
0 0 0 0 1 0 1 0 0 0 0 1 0 1 0 0 0 1 1 0 3
1 1 1 0 0 0 0 0 0 1 0 1 1 1 0 0 0 0 1 0 5
1 0 0 1 0 1 1 1 1 0 0 0 0 0 1 0 1 1 0 1 2
0 1 1 0 1 0 1 0 0 1 1 1 1 1 0 0 0 1 1 0 4
0 0 1 0 1 0 1 0 0 1 0 1 1 1 0 0 0 1 1 1 3
1 0 0 0 0 1 1 0 1 0 0 0 0 0 1 0 0 1 0 1 2
0 0 0 1 0 1 1 1 0 0 0 0 0 0 1 0 1 1 0 1 2
1 1 1 0 1 1 1 0 1 1 1 1 1 1 1 1 1 1 1 0 1
0 1 0 0 1 0 1 0 0 1 1 1 1 1 0 0 0 1 1 0 4
0 0 0 0 0 1 1 1 1 0 0 0 0 0 1 0 1 0 0 1 2
0 1 0 0 1 0 1 0 0 1 0 0 1 0 0 0 0 1 1 0 3
0 1 1 0 1 0 1 0 0 1 1 1 1 1 0 0 0 1 1 0 4
0 1 1 0 1 0 1 1 0 1 0 1 1 1 0 0 0 0 1 0 3
0 1 1 0 0 0 1 0 0 1 0 1 1 1 0 0 0 1 1 0 3
0 1 1 0 1 0 1 0 0 1 1 1 1 1 0 0 0 1 1 0 4
1 0 1 1 1 1 1 1 1 0 1 1 0 1 0 1 1 1 0 1 1
0 1 1 0 1 0 1 1 0 1 1 1 1 0 1 0 1 1 1 0 1
1 0 0 1 0 0 0 0 0 0 0 0 0 0 1 0 1 1 0 0 2
0 1 1 0 1 0 1 0 0 1 1 1 1 1 0 0 0 1 1 0 4
1 0 0 1 0 1 1 0 1 0 0 0 0 0 0 1 0 1 0 1 2
1 0 0 1 0 1 1 1 1 0 0 0 0 0 1 0 1 1 0 1 2
0 1 1 0 1 0 1 0 0 1 1 1 1 1 0 0 0 1 1 0 4
0 1 1 0 1 0 1 0 0 1 1 1 1 1 0 0 0 1 1 0 4
1 0 0 0 0 0 1 1 1 0 0 0 0 0 1 0 1 1 0 0 2
1 0 0 1 0 1 1 1 0 0 0 0 0 0 0 0 1 1 0 0 2
1 0 0 1 0 0 1 1 1 0 0 0 0 0 1 0 0 1 0 0 2
0 1 0 1 1 0 1 1 1 1 0 0 0 1 1 0 1 1 1 1 1
0 0 1 0 0 0 0 0 0 1 0 1 0 1 0 0 0 1 1 0 3
0 1 0 0 0 0 0 0 0 1 0 1 0 0 0 0 0 1 0 0 5
1 0 1 1 1 1 1 1 1 1 1 1 1 0 1 0 1 1 0 1 1
0 1 0 0 1 0 0 0 0 1 0 1 0 0 0 0 0 0 0 0 5
1 0 0 0 0 1 0 1 1 0 0 0 0 0 1 0 1 1 0 0 2
0 1 0 0 1 0 1 0 0 1 0 1 1 0 0 0 0 0 1 0 3
0 1 1 0 1 0 1 0 0 1 1 1 0 1 0 0 0 1 1 0 4
0 0 0 0 0 0 1 1 0 0 0 0 0 0 0 1 1 1 0 1 2
1 0 0 1 0 1 1 1 1 0 0 0 0 0 1 1 0 1 0 1 2
1 0 1 1 0 1 1 1 1 0 0 0 0 1 1 1 1 1 0 1 1
0 1 0 0 1 0 1 0 0 0 1 1 0 0 0 0 0 1 0 0 5
1 1 1 0 1 0 1 0 0 1 1 0 1 1 0 0 0 1 1 0 4
1 0 0 0 0 0 1 1 1 0 0 0 0 0 1 0 1 1 0 0 2
1 0 0 1 0 1 1 1 1 0 0 0 0 0 1 0 0 1 0 1 2
0 1 1 0 1 0 1 0 0 0 0 1 1 1 0 0 0 1 1 0 3
0 1 1 1 1 0 1 0 0 0 0 1 1 1 0 0 1 1 1 0 3
0 0 0 0 1 0 1 0 0 0 1 1 1 1 0 1 1 0 1 1 3
0 1 1 0 1 0 1 0 0 1 1 1 1 1 0 0 0 1 1 0 4
1 0 0 1 0 1 1 1 1 0 0 0 0 0 1 0 1 0 0 1 2
1 0 0 1 1 1 0 1 1 0 0 0 0 0 1 1 1 1 0 1 2
0 1 1 0 1 0 1 1 1 0 0 0 1 1 1 0 1 1 0 1 1
1 0 0 1 0 1 1 1 1 0 0 0 0 0 1 1 0 1 0 1 2
0 1 1 0 1 0 1 0 0 1 0 1 1 1 0 0 0 1 1 0 3
0 0 1 0 1 0 1 0 0 1 1 1 1 1 0 0 0 1 1 0 3
0 1 1 0 1 0 1 0 0 1 1 1 1 1 0 0 0 1 1 0 4
1 1 1 1 0 1 1 1 0 0 0 0 1 1 1 0 1 1 0 1 1
1 0 0 1 0 1 1 1 1 0 0 0 0 0 1 0 1 1 0 1 2
1 0 0 1 0 1 1 1 1 0 0 0 0 0 1 1 1 0 0 1 2
0 0 0 0 0 0 0 0 0 0 0 0 1 0 0 0 0 0 0 0 5
0 0 1 0 1 0 1 0 0 1 0 1 1 0 0 0 0 1 1 0 3
0 1 1 1 1 1 1 1 1 1 1 1 1 1 1 1 1 1 1 1 1
0 0 1 0 1 0 0 0 0 1 0 1 1 1 0 0 0 1 0 0 3
1 0 0 1 0 1 1 1 0 0 0 0 0 0 0 0 1 1 0 1 2
0 0 0 1 0 1 0 1 1 0 0 0 0 0 1 0 1 1 0 1 2
1 0 0 1 0 0 0 0 0 0 0 0 0 0 1 1 1 1 0 1 2
0 0 0 1 0 0 0 0 0 0 0 0 0 0 0 1 0 1 0 1 2
0 1 1 0 1 0 1 0 0 1 1 1 1 1 0 0 0 1 1 0 4
0 1 1 0 1 0 1 0 0 1 1 1 1 1 0 0 0 1 1 0 4
1 0 0 0 0 1 1 1 1 0 0 0 0 0 1 0 1 1 0 1 2
0 0 1 0 1 0 0 0 0 1 1 1 1 1 0 0 0 1 1 0 3
0 1 1 0 1 0 1 0 0 1 1 1 1 1 0 0 0 1 1 0 4
0 1 0 0 1 0 1 0 0 1 0 0 0 1 0 0 0 1 0 0 5
1 0 0 1 0 1 1 1 1 0 0 0 0 0 1 1 1 1 0 1 2
1 0 0 1 0 1 1 1 1 0 0 0 0 0 1 0 1 1 0 1 2
1 1 1 0 0 1 1 1 1 0 1 0 1 1 1 1 1 1 0 1 1
0 1 0 0 0 0 1 0 0 1 0 1 1 0 0 0 0 1 1 0 3
0 1 0 0 0 0 1 0 0 1 0 1 0 1 0 0 0 1 0 0 5
1 0 0 1 0 1 1 1 0 0 0 0 0 0 1 1 1 1 0 1 2
1 1 1 1 1 1 1 1 1 1 0 0 1 1 1 1 1 1 1 1 1
1 0 0 1 0 1 1 1 0 0 0 0 0 0 1 1 1 1 0 1 2
1 1 1 1 1 1 1 1 0 0 0 1 1 0 1 1 1 1 1 1 1
0 1 1 0 1 0 1 0 0 1 1 1 1 1 0 0 0 1 1 0 4
1 1 1 1 1 1 1 0 1 1 1 1 1 1 1 0 0 1 1 0 1
1 0 0 1 0 0 1 1 1 0 0 0 0 0 1 1 1 1 0 1 2
0 0 0 1 0 0 1 1 1 0 0 0 0 0 1 0 1 1 0 1 2
1 0 0 1 0 1 0 0 1 0 0 0 0 0 0 1 1 1 0 1 2
1 0 0 1 0 1 1 1 1 0 0 0 0 0 1 1 0 1 0 0 2
0 0 0 1 0 1 0 1 0 0 0 0 0 0 1 1 1 1 0 1 2
1 0 0 1 0 1 1 0 1 0 0 0 0 0 1 0 1 1 0 1 2
0 1 0 0 1 0 1 0 0 1 1 1 0 1 0 0 0 1 0 0 5
0 1 1 0 1 0 1 0 0 1 1 1 1 1 0 0 0 1 1 0 4
0 1 1 0 1 0 1 0 0 1 1 1 1 1 0 0 0 0 1 0 4
0 0 0 1 0 1 1 1 1 0 0 0 0 0 1 1 0 1 0 1 2
0 1 0 0 1 1 1 0 0 0 0 0 0 0 0 0 0 1 0 0 5
0 0 1 0 1 0 1 0 0 1 1 1 1 1 0 0 0 1 1 0 3
0 1 0 0 0 1 1 1 0 0 0 1 0 1 1 1 0 1 0 0 1
0 1 0 0 0 0 0 0 0 1 1 1 1 1 0 0 0 0 0 0 5
1 0 0 1 0 1 1 1 1 0 0 0 0 0 1 0 1 1 0 1 2
0 1 1 0 1 0 1 0 0 1 1 1 1 1 0 0 0 1 1 0 4
0 1 1 0 1 0 1 0 0 1 1 1 0 1 0 0 0 1 1 0 4
1 0 0 1 0 1 1 1 1 0 0 0 0 0 1 0 1 1 0 1 2
1 1 1 1 1 1 1 1 0 1 1 1 1 1 1 1 1 1 0 1 1
1 0 0 1 0 1 0 1 1 0 0 0 0 0 1 0 1 1 0 1 2
0 0 1 0 1 0 1 0 0 1 0 1 1 0 0 0 0 1 1 0 3
